16	-0.01000000	-0.00040000	-0.00002100
32	0.00000000	-0.00080000	-0.00012000
48	0.00000000	-0.00110000	-0.00027700
64	0.00000000	-0.00200000	-0.00054300
80	-0.01000000	-0.00320000	-0.00097800
96	0.00000000	-0.00370000	-0.00151600
112	0.00000000	-0.00360000	-0.00210100
128	0.00000000	-0.00460000	-0.00277900
144	0.00000000	-0.00480000	-0.00355100
160	-0.01000000	-0.00610000	-0.00440400
176	0.01000000	-0.00610000	-0.00538400
192	0.00000000	-0.00700000	-0.00644000
208	0.00000000	-0.00760000	-0.00761300
224	0.00000000	-0.00830000	-0.00889100
240	-0.01000000	-0.00870000	-0.01024400
256	-0.01000000	-0.00990000	-0.01173500
272	0.00000000	-0.01069999	-0.01337500
288	0.00000000	-0.01119999	-0.01512200
304	0.00000000	-0.01199999	-0.01700399
320	0.00000000	-0.01229999	-0.01893298
336	0.00000000	-0.01329999	-0.02099399
352	0.00000000	-0.01409999	-0.02319799
368	0.00000000	-0.01529999	-0.02557299
384	-0.02000000	-0.01559999	-0.02803999
400	0.00000000	-0.01639999	-0.03059698
416	0.00000000	-0.01759999	-0.03334299
432	0.00000000	-0.01799999	-0.03619998
448	0.00000000	-0.01909998	-0.03914997
464	0.00000000	-0.01979998	-0.04228096
480	0.00000000	-0.02039998	-0.04549396
496	0.00000000	-0.02119998	-0.04883996
512	0.00000000	-0.02189998	-0.05228096
528	-0.01000000	-0.02219998	-0.05580995
544	-0.02000000	-0.02289998	-0.05940494
560	-0.01000000	-0.02439998	-0.06321293
576	-0.03000000	-0.02539997	-0.06720294
592	-0.01000000	-0.02589997	-0.07131191
608	0.00000000	-0.02629997	-0.07549490
624	-0.01000000	-0.02679997	-0.07974289
640	0.00000000	-0.02749997	-0.08410490
656	0.00000000	-0.02849997	-0.08859491
672	0.00000000	-0.02969997	-0.09326790
688	-0.01000000	-0.03079996	-0.09810890
704	0.00000000	-0.03129996	-0.10308387
720	-0.01000000	-0.03169997	-0.10813290
736	0.01000000	-0.03219997	-0.11326190
752	0.00000000	-0.03229997	-0.11841888
768	-0.01000000	-0.03299997	-0.12364988
784	-0.01000000	-0.03359998	-0.12898183
800	-0.02000000	-0.03429998	-0.13438988
816	0.00000000	-0.03459998	-0.13992493
832	-0.01000000	-0.03509999	-0.14549795
848	-0.02000000	-0.03559999	-0.15114793
864	-0.01000000	-0.03659999	-0.15689994
880	-0.01000000	-0.03750000	-0.16281092
896	0.00000000	-0.03860001	-0.16893695
912	-0.01000000	-0.03980002	-0.17519690
928	0.00000000	-0.03990002	-0.18158185
944	0.00000000	-0.04110003	-0.18804285
960	-0.01000000	-0.04160003	-0.19465086
976	0.00000000	-0.04230003	-0.20138088
992	-0.02000000	-0.04290003	-0.20820795
1008	0.00000000	-0.04380004	-0.21513197
1024	0.00000000	-0.04470004	-0.22221397
1040	0.00000000	-0.04570005	-0.22945598
1056	-0.01000000	-0.04610005	-0.23678900
1072	-0.01000000	-0.04620005	-0.24416995
1088	0.01000000	-0.04680006	-0.25163394
1104	0.00000000	-0.04710006	-0.25915596
1120	0.00000000	-0.04840007	-0.26680493
1136	0.00000000	-0.04950008	-0.27461982
1152	-0.01000000	-0.05050009	-0.28259778
1168	-0.02000000	-0.05160009	-0.29077989
1184	0.00000000	-0.05220010	-0.29908985
1200	-0.01000000	-0.05270010	-0.30747488
1216	-0.01000000	-0.05290010	-0.31592691
1232	0.00000000	-0.05370010	-0.32446992
1248	-0.01000000	-0.05440012	-0.33310995
1264	0.00000000	-0.05530013	-0.34189796
1280	-0.01000000	-0.05620014	-0.35083902
1296	-0.01000000	-0.05680014	-0.35987997
1312	0.01000000	-0.05760014	-0.36905706
1328	-0.02000000	-0.05830014	-0.37831816
1344	-0.01000000	-0.05920015	-0.38770616
1360	0.00000000	-0.05990015	-0.39727017
1376	-0.02000000	-0.06090015	-0.40690324
1392	-0.02000000	-0.06140015	-0.41668320
1408	0.00000000	-0.06170016	-0.42653722
1424	-0.01000000	-0.06290016	-0.43650433
1440	-0.01000000	-0.06350017	-0.44660139
1456	0.00000000	-0.06370018	-0.45677844
1472	0.00000000	-0.06430019	-0.46702144
1488	0.00000000	-0.06540021	-0.47740349
1504	-0.03000000	-0.06640021	-0.48793656
1520	0.00000000	-0.06720022	-0.49863061
1536	-0.01000000	-0.06790023	-0.50942874
1552	-0.02000000	-0.06850024	-0.52034688
1568	-0.01000000	-0.06870025	-0.53130668
1584	0.00000000	-0.06880025	-0.54231495
1600	-0.02000000	-0.06920025	-0.55333209
1616	-0.02000000	-0.06990027	-0.56444305
1632	0.00000000	-0.07030027	-0.57567495
1648	0.00000000	-0.07160029	-0.58702809
1664	-0.02000000	-0.07230030	-0.59851229
1680	0.00000000	-0.07280031	-0.61010957
1696	0.00000000	-0.07300030	-0.62176168
1712	-0.01000000	-0.07320031	-0.63344753
1728	-0.01000000	-0.07360031	-0.64519370
1744	-0.01000000	-0.07390032	-0.65697569
1760	0.00000000	-0.07460033	-0.66885871
1776	0.01000000	-0.07510033	-0.68087000
1792	0.00000000	-0.07530033	-0.69290614
1808	0.00000000	-0.07590034	-0.70502520
1824	0.00000000	-0.07610034	-0.71718043
1840	0.00000000	-0.07650035	-0.72939450
1856	-0.01000000	-0.07740036	-0.74168962
1872	-0.01000000	-0.07820037	-0.75413966
1888	-0.01000000	-0.07910039	-0.76671171
1904	-0.01000000	-0.07960039	-0.77940178
1920	0.00000000	-0.08050041	-0.79222691
1936	0.00000000	-0.08070042	-0.80513400
1952	0.00000000	-0.08160043	-0.81810397
1968	0.00000000	-0.08250044	-0.83124101
1984	0.00000000	-0.08350045	-0.84452504
2000	-0.01000000	-0.08450046	-0.85796899
2016	0.00000000	-0.08520047	-0.87154979
2032	-0.01000000	-0.08640049	-0.88527679
2048	0.00000000	-0.08750051	-0.89918673
2064	-0.01000000	-0.08760051	-0.91318363
2080	0.01000000	-0.08780051	-0.92723256
2096	0.01000000	-0.08840051	-0.94131970
2112	0.00000000	-0.08890051	-0.95555592
2128	0.00000000	-0.08970053	-0.96986300
2144	0.00000000	-0.09000053	-0.98424119
2160	-0.01000000	-0.09090054	-0.99871826
2176	-0.01000000	-0.09120055	-1.01326300
2192	0.00000000	-0.09180055	-1.02791710
2208	-0.01000000	-0.09220055	-1.04262940
2224	0.01000000	-0.09260056	-1.05743120
2240	0.00000000	-0.09310057	-1.07228420
2256	-0.01000000	-0.09370058	-1.08723130
2272	0.00000000	-0.09400058	-1.10226400
2288	0.00000000	-0.09420058	-1.11732540
2304	-0.01000000	-0.09520059	-1.13248360
2320	-0.01000000	-0.09580060	-1.14777090
2336	0.00000000	-0.09630060	-1.16316680
2352	-0.02000000	-0.09730061	-1.17865480
2368	-0.01000000	-0.09780062	-1.19425710
2384	0.00000000	-0.09770062	-1.20989540
2400	0.00000000	-0.09810062	-1.22556110
2416	0.00000000	-0.09850063	-1.24128520
2432	0.00000000	-0.09930065	-1.25714850
2448	-0.03000000	-0.10060065	-1.27311750
2464	-0.01000000	-0.10160067	-1.28927040
2480	0.00000000	-0.10280069	-1.30564050
2496	0.00000000	-0.10340070	-1.32213350
2512	0.00000000	-0.10420071	-1.33869410
2528	0.00000000	-0.10440071	-1.35536220
2544	0.01000000	-0.10490071	-1.37209940
2560	0.00000000	-0.10510071	-1.38889360
2576	0.00000000	-0.10550072	-1.40576170
2592	0.00000000	-0.10600073	-1.42269920
2608	0.01000000	-0.10550072	-1.43962970
2624	-0.01000000	-0.10610073	-1.45655390
2640	0.00000000	-0.10640073	-1.47354410
2656	0.00000000	-0.10690074	-1.49061810
2672	0.00000000	-0.10750074	-1.50779690
2688	0.00000000	-0.10760074	-1.52502120
2704	0.00000000	-0.10800075	-1.54225640
2720	0.00000000	-0.10860076	-1.55959860
2736	0.00000000	-0.10930077	-1.57705270
2752	0.00000000	-0.11020079	-1.59461380
2768	0.01000000	-0.11080079	-1.61227800
2784	-0.01000000	-0.11150080	-1.63006710
2800	0.01000000	-0.11220080	-1.64798800
2816	0.00000000	-0.11290082	-1.66600610
2832	0.00000000	-0.11360083	-1.68411110
2848	0.00000000	-0.11410084	-1.70233910
2864	0.00000000	-0.11420084	-1.72059090
2880	0.01000000	-0.11520085	-1.73895120
2896	0.00000000	-0.11580086	-1.75741850
2912	0.00000000	-0.11640086	-1.77602310
2928	0.00000000	-0.11670087	-1.79467640
2944	0.00000000	-0.11680087	-1.81336260
2960	0.00000000	-0.11720087	-1.83210400
2976	-0.02000000	-0.11800089	-1.85090610
2992	0.00000000	-0.11910091	-1.86989430
3008	0.00000000	-0.12020092	-1.88905360
3024	-0.01000000	-0.12060093	-1.90830370
3040	0.00000000	-0.12030093	-1.92758690
3056	0.01000000	-0.12130094	-1.94693720
3072	0.01000000	-0.12170095	-1.96640530
3088	0.00000000	-0.12200096	-1.98591830
3104	-0.01000000	-0.12300096	-2.00554010
3120	-0.02000000	-0.12370098	-2.02526930
3136	-0.01000000	-0.12430099	-2.04509880
3152	-0.03000000	-0.12500098	-2.06502940
3168	0.00000000	-0.12570100	-2.08508010
3184	0.00000000	-0.12650101	-2.10529040
3200	0.00000000	-0.12730102	-2.12563750
3216	-0.01000000	-0.12760103	-2.14601950
3232	0.00000000	-0.12870105	-2.16653230
3248	0.00000000	-0.12900105	-2.18713000
3264	0.00000000	-0.12930106	-2.20781900
3280	0.00000000	-0.12940106	-2.22848700
3296	-0.01000000	-0.12990107	-2.24921680
3312	-0.01000000	-0.13000107	-2.26996800
3328	-0.01000000	-0.13000107	-2.29075930
3344	-0.01000000	-0.13080108	-2.31163260
3360	-0.02000000	-0.13140109	-2.33260350
3376	0.00000000	-0.13230111	-2.35369800
3392	-0.02000000	-0.13270111	-2.37489130
3408	-0.01000000	-0.13390113	-2.39622520
3424	0.00000000	-0.13490115	-2.41772790
3440	0.00000000	-0.13530116	-2.43932990
3456	0.00000000	-0.13650118	-2.46110340
3472	-0.02000000	-0.13720119	-2.48300000
3488	-0.01000000	-0.13800120	-2.50500820
3504	-0.01000000	-0.13910122	-2.52716590
3520	0.00000000	-0.13920122	-2.54944540
3536	0.00000000	-0.13980123	-2.57176660
3552	0.00000000	-0.14060125	-2.59421420
3568	0.01000000	-0.14090125	-2.61676740
3584	-0.01000000	-0.14150126	-2.63935780
3600	0.00000000	-0.14230128	-2.66208290
3616	0.00000000	-0.14340129	-2.68498020
3632	0.00000000	-0.14360130	-2.70794130
3648	0.01000000	-0.14400131	-2.73093820
3664	0.00000000	-0.14420131	-2.75397610
3680	-0.02000000	-0.14410131	-2.77702640
3696	-0.02000000	-0.14500132	-2.80014110
3712	-0.01000000	-0.14570133	-2.82338640
3728	0.01000000	-0.14600134	-2.84673710
3744	-0.01000000	-0.14680135	-2.87017680
3760	0.00000000	-0.14720136	-2.89368530
3776	0.00000000	-0.14780137	-2.91730900
3792	0.00000000	-0.14770137	-2.94095640
3808	0.01000000	-0.14800137	-2.96464200
3824	0.00000000	-0.14890139	-2.98840710
3840	0.00000000	-0.15010141	-3.01233240
3856	0.00000000	-0.15060142	-3.03641150
3872	0.00000000	-0.15030141	-3.06046800
3888	0.00000000	-0.15110143	-3.08457210
3904	0.01000000	-0.15090142	-3.10874030
3920	0.00000000	-0.15220144	-3.13300660
3936	0.00000000	-0.15230145	-3.15737490
3952	0.00000000	-0.15300146	-3.18179850
3968	0.00000000	-0.15310146	-3.20628120
3984	0.00000000	-0.15370147	-3.23082470
4000	0.00000000	-0.15370147	-3.25540330
4016	-0.02000000	-0.15450148	-3.28006430
4032	0.00000000	-0.15460148	-3.30479310
4048	0.00000000	-0.15460148	-3.32950280
4064	0.00000000	-0.15460148	-3.35424020
4080	0.00000000	-0.15480149	-3.37898300
4096	-0.01000000	-0.15570150	-3.40382240
4112	0.00000000	-0.15660152	-3.42880580
4128	-0.01000000	-0.15740153	-3.45391040
4144	0.00000000	-0.15800154	-3.47912050
4160	-0.01000000	-0.15870155	-3.50447700
4176	0.00000000	-0.15870155	-3.52986100
4192	0.00000000	-0.15870155	-3.55525570
